Run with C: 0.01, Gamma: 1e-09
sum confProbRuns:
[[ 0 17 38  0  0]
 [ 0 12 58  0  0]
 [ 0 22 52  0  0]
 [ 0  5 23  0  0]
 [ 0  5 18  0  0]]
Confusion probability:
[[ 0.          0.30909091  0.69090909  0.          0.        ]
 [ 0.          0.17142857  0.82857143  0.          0.        ]
 [ 0.          0.2972973   0.7027027   0.          0.        ]
 [ 0.          0.17857143  0.82142857  0.          0.        ]
 [ 0.          0.2173913   0.7826087   0.          0.        ]]
Sum of diagonal elements:
0.874131274131
Run with C: 0.01, Gamma: 1e-08
sum confProbRuns:
[[ 0 17 38  0  0]
 [ 0 12 58  0  0]
 [ 0 22 52  0  0]
 [ 0  5 23  0  0]
 [ 0  5 18  0  0]]
Confusion probability:
[[ 0.          0.30909091  0.69090909  0.          0.        ]
 [ 0.          0.17142857  0.82857143  0.          0.        ]
 [ 0.          0.2972973   0.7027027   0.          0.        ]
 [ 0.          0.17857143  0.82142857  0.          0.        ]
 [ 0.          0.2173913   0.7826087   0.          0.        ]]
Sum of diagonal elements:
0.874131274131
Run with C: 0.01, Gamma: 1e-07
sum confProbRuns:
[[ 0 17 38  0  0]
 [ 0 12 58  0  0]
 [ 0 22 52  0  0]
 [ 0  5 23  0  0]
 [ 0  5 18  0  0]]
Confusion probability:
[[ 0.          0.30909091  0.69090909  0.          0.        ]
 [ 0.          0.17142857  0.82857143  0.          0.        ]
 [ 0.          0.2972973   0.7027027   0.          0.        ]
 [ 0.          0.17857143  0.82142857  0.          0.        ]
 [ 0.          0.2173913   0.7826087   0.          0.        ]]
Sum of diagonal elements:
0.874131274131
Run with C: 0.01, Gamma: 1e-06
sum confProbRuns:
[[ 0 17 38  0  0]
 [ 0 12 58  0  0]
 [ 0 22 52  0  0]
 [ 0  5 23  0  0]
 [ 0  5 18  0  0]]
Confusion probability:
[[ 0.          0.30909091  0.69090909  0.          0.        ]
 [ 0.          0.17142857  0.82857143  0.          0.        ]
 [ 0.          0.2972973   0.7027027   0.          0.        ]
 [ 0.          0.17857143  0.82142857  0.          0.        ]
 [ 0.          0.2173913   0.7826087   0.          0.        ]]
Sum of diagonal elements:
0.874131274131
Run with C: 0.01, Gamma: 1e-05
sum confProbRuns:
[[ 0 17 38  0  0]
 [ 0 13 57  0  0]
 [ 0 22 52  0  0]
 [ 0  5 23  0  0]
 [ 0  5 18  0  0]]
Confusion probability:
[[ 0.          0.30909091  0.69090909  0.          0.        ]
 [ 0.          0.18571429  0.81428571  0.          0.        ]
 [ 0.          0.2972973   0.7027027   0.          0.        ]
 [ 0.          0.17857143  0.82142857  0.          0.        ]
 [ 0.          0.2173913   0.7826087   0.          0.        ]]
Sum of diagonal elements:
0.888416988417
Run with C: 0.01, Gamma: 0.0001
sum confProbRuns:
[[ 0 17 38  0  0]
 [ 0 13 57  0  0]
 [ 0 21 53  0  0]
 [ 0  5 23  0  0]
 [ 0  5 18  0  0]]
Confusion probability:
[[ 0.          0.30909091  0.69090909  0.          0.        ]
 [ 0.          0.18571429  0.81428571  0.          0.        ]
 [ 0.          0.28378378  0.71621622  0.          0.        ]
 [ 0.          0.17857143  0.82142857  0.          0.        ]
 [ 0.          0.2173913   0.7826087   0.          0.        ]]
Sum of diagonal elements:
0.901930501931
Run with C: 0.01, Gamma: 0.001
sum confProbRuns:
[[ 0 17 38  0  0]
 [ 0 13 57  0  0]
 [ 0 21 53  0  0]
 [ 0  5 23  0  0]
 [ 0  5 18  0  0]]
Confusion probability:
[[ 0.          0.30909091  0.69090909  0.          0.        ]
 [ 0.          0.18571429  0.81428571  0.          0.        ]
 [ 0.          0.28378378  0.71621622  0.          0.        ]
 [ 0.          0.17857143  0.82142857  0.          0.        ]
 [ 0.          0.2173913   0.7826087   0.          0.        ]]
Sum of diagonal elements:
0.901930501931
Run with C: 0.01, Gamma: 0.01
sum confProbRuns:
[[ 0 16 39  0  0]
 [ 0 13 57  0  0]
 [ 0 21 53  0  0]
 [ 0  5 23  0  0]
 [ 0  5 18  0  0]]
Confusion probability:
[[ 0.          0.29090909  0.70909091  0.          0.        ]
 [ 0.          0.18571429  0.81428571  0.          0.        ]
 [ 0.          0.28378378  0.71621622  0.          0.        ]
 [ 0.          0.17857143  0.82142857  0.          0.        ]
 [ 0.          0.2173913   0.7826087   0.          0.        ]]
Sum of diagonal elements:
0.901930501931
Run with C: 0.01, Gamma: 0.1
sum confProbRuns:
[[ 0 13 42  0  0]
 [ 0 11 59  0  0]
 [ 0 19 55  0  0]
 [ 0  5 23  0  0]
 [ 0  5 18  0  0]]
Confusion probability:
[[ 0.          0.23636364  0.76363636  0.          0.        ]
 [ 0.          0.15714286  0.84285714  0.          0.        ]
 [ 0.          0.25675676  0.74324324  0.          0.        ]
 [ 0.          0.17857143  0.82142857  0.          0.        ]
 [ 0.          0.2173913   0.7826087   0.          0.        ]]
Sum of diagonal elements:
0.900386100386
Run with C: 0.01, Gamma: 1.0
sum confProbRuns:
[[ 0 17 38  0  0]
 [ 0 15 55  0  0]
 [ 0 30 44  0  0]
 [ 0  7 21  0  0]
 [ 0  6 17  0  0]]
Confusion probability:
[[ 0.          0.30909091  0.69090909  0.          0.        ]
 [ 0.          0.21428571  0.78571429  0.          0.        ]
 [ 0.          0.40540541  0.59459459  0.          0.        ]
 [ 0.          0.25        0.75        0.          0.        ]
 [ 0.          0.26086957  0.73913043  0.          0.        ]]
Sum of diagonal elements:
0.80888030888
Run with C: 0.01, Gamma: 10.0
sum confProbRuns:
[[ 0 17 38  0  0]
 [ 0 15 55  0  0]
 [ 0 30 44  0  0]
 [ 0  7 21  0  0]
 [ 0  6 17  0  0]]
Confusion probability:
[[ 0.          0.30909091  0.69090909  0.          0.        ]
 [ 0.          0.21428571  0.78571429  0.          0.        ]
 [ 0.          0.40540541  0.59459459  0.          0.        ]
 [ 0.          0.25        0.75        0.          0.        ]
 [ 0.          0.26086957  0.73913043  0.          0.        ]]
Sum of diagonal elements:
0.80888030888
Run with C: 0.01, Gamma: 100.0
sum confProbRuns:
[[ 0 13 42  0  0]
 [ 0  9 61  0  0]
 [ 0 19 55  0  0]
 [ 0  5 23  0  0]
 [ 0  5 18  0  0]]
Confusion probability:
[[ 0.          0.23636364  0.76363636  0.          0.        ]
 [ 0.          0.12857143  0.87142857  0.          0.        ]
 [ 0.          0.25675676  0.74324324  0.          0.        ]
 [ 0.          0.17857143  0.82142857  0.          0.        ]
 [ 0.          0.2173913   0.7826087   0.          0.        ]]
Sum of diagonal elements:
0.871814671815
Run with C: 0.1, Gamma: 1e-09
sum confProbRuns:
[[ 0 17 38  0  0]
 [ 0 12 58  0  0]
 [ 0 22 52  0  0]
 [ 0  5 23  0  0]
 [ 0  5 18  0  0]]
Confusion probability:
[[ 0.          0.30909091  0.69090909  0.          0.        ]
 [ 0.          0.17142857  0.82857143  0.          0.        ]
 [ 0.          0.2972973   0.7027027   0.          0.        ]
 [ 0.          0.17857143  0.82142857  0.          0.        ]
 [ 0.          0.2173913   0.7826087   0.          0.        ]]
Sum of diagonal elements:
0.874131274131
Run with C: 0.1, Gamma: 1e-08
sum confProbRuns:
[[ 0 17 38  0  0]
 [ 0 12 58  0  0]
 [ 0 22 52  0  0]
 [ 0  5 23  0  0]
 [ 0  5 18  0  0]]
Confusion probability:
[[ 0.          0.30909091  0.69090909  0.          0.        ]
 [ 0.          0.17142857  0.82857143  0.          0.        ]
 [ 0.          0.2972973   0.7027027   0.          0.        ]
 [ 0.          0.17857143  0.82142857  0.          0.        ]
 [ 0.          0.2173913   0.7826087   0.          0.        ]]
Sum of diagonal elements:
0.874131274131
Run with C: 0.1, Gamma: 1e-07
sum confProbRuns:
[[ 0 17 38  0  0]
 [ 0 12 58  0  0]
 [ 0 22 52  0  0]
 [ 0  5 23  0  0]
 [ 0  5 18  0  0]]
Confusion probability:
[[ 0.          0.30909091  0.69090909  0.          0.        ]
 [ 0.          0.17142857  0.82857143  0.          0.        ]
 [ 0.          0.2972973   0.7027027   0.          0.        ]
 [ 0.          0.17857143  0.82142857  0.          0.        ]
 [ 0.          0.2173913   0.7826087   0.          0.        ]]
Sum of diagonal elements:
0.874131274131
Run with C: 0.1, Gamma: 1e-06
sum confProbRuns:
[[48  5  2  0  0]
 [28 10 32  0  0]
 [ 4 20 50  0  0]
 [ 0  6 22  0  0]
 [ 0  2 21  0  0]]
Confusion probability:
[[ 0.87272727  0.09090909  0.03636364  0.          0.        ]
 [ 0.4         0.14285714  0.45714286  0.          0.        ]
 [ 0.05405405  0.27027027  0.67567568  0.          0.        ]
 [ 0.          0.21428571  0.78571429  0.          0.        ]
 [ 0.          0.08695652  0.91304348  0.          0.        ]]
Sum of diagonal elements:
1.69126009126
Run with C: 0.1, Gamma: 1e-05
sum confProbRuns:
[[43 12  0  0  0]
 [ 0 53 17  0  0]
 [ 0 14 60  0  0]
 [ 0  0 28  0  0]
 [ 0  0 23  0  0]]
Confusion probability:
[[ 0.78181818  0.21818182  0.          0.          0.        ]
 [ 0.          0.75714286  0.24285714  0.          0.        ]
 [ 0.          0.18918919  0.81081081  0.          0.        ]
 [ 0.          0.          1.          0.          0.        ]
 [ 0.          0.          1.          0.          0.        ]]
Sum of diagonal elements:
2.34977184977
Run with C: 0.1, Gamma: 0.0001
sum confProbRuns:
[[42 13  0  0  0]
 [ 0 56 14  0  0]
 [ 0  4 70  0  0]
 [ 0  0 28  0  0]
 [ 0  2 11  0 10]]
Confusion probability:
[[ 0.76363636  0.23636364  0.          0.          0.        ]
 [ 0.          0.8         0.2         0.          0.        ]
 [ 0.          0.05405405  0.94594595  0.          0.        ]
 [ 0.          0.          1.          0.          0.        ]
 [ 0.          0.08695652  0.47826087  0.          0.43478261]]
Sum of diagonal elements:
2.94436491828
Run with C: 0.1, Gamma: 0.001
sum confProbRuns:
[[29 25  1  0  0]
 [ 0 54 16  0  0]
 [ 0  8 66  0  0]
 [ 0  5 23  0  0]
 [ 0 11 12  0  0]]
Confusion probability:
[[ 0.52727273  0.45454545  0.01818182  0.          0.        ]
 [ 0.          0.77142857  0.22857143  0.          0.        ]
 [ 0.          0.10810811  0.89189189  0.          0.        ]
 [ 0.          0.17857143  0.82142857  0.          0.        ]
 [ 0.          0.47826087  0.52173913  0.          0.        ]]
Sum of diagonal elements:
2.19059319059
Run with C: 0.1, Gamma: 0.01
sum confProbRuns:
[[ 0 16 39  0  0]
 [ 0 13 57  0  0]
 [ 0 20 54  0  0]
 [ 0  5 23  0  0]
 [ 0  5 18  0  0]]
Confusion probability:
[[ 0.          0.29090909  0.70909091  0.          0.        ]
 [ 0.          0.18571429  0.81428571  0.          0.        ]
 [ 0.          0.27027027  0.72972973  0.          0.        ]
 [ 0.          0.17857143  0.82142857  0.          0.        ]
 [ 0.          0.2173913   0.7826087   0.          0.        ]]
Sum of diagonal elements:
0.915444015444
Run with C: 0.1, Gamma: 0.1
sum confProbRuns:
[[ 0 13 42  0  0]
 [ 0 11 59  0  0]
 [ 0 19 55  0  0]
 [ 0  5 23  0  0]
 [ 0  5 18  0  0]]
Confusion probability:
[[ 0.          0.23636364  0.76363636  0.          0.        ]
 [ 0.          0.15714286  0.84285714  0.          0.        ]
 [ 0.          0.25675676  0.74324324  0.          0.        ]
 [ 0.          0.17857143  0.82142857  0.          0.        ]
 [ 0.          0.2173913   0.7826087   0.          0.        ]]
Sum of diagonal elements:
0.900386100386
Run with C: 0.1, Gamma: 1.0
sum confProbRuns:
[[ 0 17 38  0  0]
 [ 0 15 55  0  0]
 [ 0 30 44  0  0]
 [ 0  7 21  0  0]
 [ 0  6 17  0  0]]
Confusion probability:
[[ 0.          0.30909091  0.69090909  0.          0.        ]
 [ 0.          0.21428571  0.78571429  0.          0.        ]
 [ 0.          0.40540541  0.59459459  0.          0.        ]
 [ 0.          0.25        0.75        0.          0.        ]
 [ 0.          0.26086957  0.73913043  0.          0.        ]]
Sum of diagonal elements:
0.80888030888
Run with C: 0.1, Gamma: 10.0
sum confProbRuns:
[[ 0 17 38  0  0]
 [ 0 15 55  0  0]
 [ 0 30 44  0  0]
 [ 0  7 21  0  0]
 [ 0  6 17  0  0]]
Confusion probability:
[[ 0.          0.30909091  0.69090909  0.          0.        ]
 [ 0.          0.21428571  0.78571429  0.          0.        ]
 [ 0.          0.40540541  0.59459459  0.          0.        ]
 [ 0.          0.25        0.75        0.          0.        ]
 [ 0.          0.26086957  0.73913043  0.          0.        ]]
Sum of diagonal elements:
0.80888030888
Run with C: 0.1, Gamma: 100.0
sum confProbRuns:
[[ 0 13 42  0  0]
 [ 0  9 61  0  0]
 [ 0 19 55  0  0]
 [ 0  5 23  0  0]
 [ 0  5 18  0  0]]
Confusion probability:
[[ 0.          0.23636364  0.76363636  0.          0.        ]
 [ 0.          0.12857143  0.87142857  0.          0.        ]
 [ 0.          0.25675676  0.74324324  0.          0.        ]
 [ 0.          0.17857143  0.82142857  0.          0.        ]
 [ 0.          0.2173913   0.7826087   0.          0.        ]]
Sum of diagonal elements:
0.871814671815
Run with C: 1.0, Gamma: 1e-09
sum confProbRuns:
[[ 0 17 38  0  0]
 [ 0 12 58  0  0]
 [ 0 22 52  0  0]
 [ 0  5 23  0  0]
 [ 0  5 18  0  0]]
Confusion probability:
[[ 0.          0.30909091  0.69090909  0.          0.        ]
 [ 0.          0.17142857  0.82857143  0.          0.        ]
 [ 0.          0.2972973   0.7027027   0.          0.        ]
 [ 0.          0.17857143  0.82142857  0.          0.        ]
 [ 0.          0.2173913   0.7826087   0.          0.        ]]
Sum of diagonal elements:
0.874131274131
Run with C: 1.0, Gamma: 1e-08
sum confProbRuns:
[[ 0 17 38  0  0]
 [ 0 12 58  0  0]
 [ 0 22 52  0  0]
 [ 0  5 23  0  0]
 [ 0  5 18  0  0]]
Confusion probability:
[[ 0.          0.30909091  0.69090909  0.          0.        ]
 [ 0.          0.17142857  0.82857143  0.          0.        ]
 [ 0.          0.2972973   0.7027027   0.          0.        ]
 [ 0.          0.17857143  0.82142857  0.          0.        ]
 [ 0.          0.2173913   0.7826087   0.          0.        ]]
Sum of diagonal elements:
0.874131274131
Run with C: 1.0, Gamma: 1e-07
sum confProbRuns:
[[51  2  2  0  0]
 [32  6 32  0  0]
 [ 5 20 49  0  0]
 [ 0 10 18  0  0]
 [ 0  2 21  0  0]]
Confusion probability:
[[ 0.92727273  0.03636364  0.03636364  0.          0.        ]
 [ 0.45714286  0.08571429  0.45714286  0.          0.        ]
 [ 0.06756757  0.27027027  0.66216216  0.          0.        ]
 [ 0.          0.35714286  0.64285714  0.          0.        ]
 [ 0.          0.08695652  0.91304348  0.          0.        ]]
Sum of diagonal elements:
1.67514917515
Run with C: 1.0, Gamma: 1e-06
sum confProbRuns:
[[43 12  0  0  0]
 [ 0 42 28  0  0]
 [ 0 20 54  0  0]
 [ 0  0 28  0  0]
 [ 0  0 23  0  0]]
Confusion probability:
[[ 0.78181818  0.21818182  0.          0.          0.        ]
 [ 0.          0.6         0.4         0.          0.        ]
 [ 0.          0.27027027  0.72972973  0.          0.        ]
 [ 0.          0.          1.          0.          0.        ]
 [ 0.          0.          1.          0.          0.        ]]
Sum of diagonal elements:
2.11154791155
Run with C: 1.0, Gamma: 1e-05
sum confProbRuns:
[[46  9  0  0  0]
 [ 0 54 16  0  0]
 [ 0  4 70  0  0]
 [ 0  0 22  6  0]
 [ 0  0 11  2 10]]
Confusion probability:
[[ 0.83636364  0.16363636  0.          0.          0.        ]
 [ 0.          0.77142857  0.22857143  0.          0.        ]
 [ 0.          0.05405405  0.94594595  0.          0.        ]
 [ 0.          0.          0.78571429  0.21428571  0.        ]
 [ 0.          0.          0.47826087  0.08695652  0.43478261]]
Sum of diagonal elements:
3.20280647672
Run with C: 1.0, Gamma: 0.0001
sum confProbRuns:
[[49  6  0  0  0]
 [ 0 56 14  0  0]
 [ 0  3 68  3  0]
 [ 0  0 16  9  3]
 [ 0  0  3  3 17]]
Confusion probability:
[[ 0.89090909  0.10909091  0.          0.          0.        ]
 [ 0.          0.8         0.2         0.          0.        ]
 [ 0.          0.04054054  0.91891892  0.04054054  0.        ]
 [ 0.          0.          0.57142857  0.32142857  0.10714286]
 [ 0.          0.          0.13043478  0.13043478  0.73913043]]
Sum of diagonal elements:
3.67038701604
Run with C: 1.0, Gamma: 0.001
sum confProbRuns:
[[48  6  1  0  0]
 [ 0 56 14  0  0]
 [ 2  1 68  3  0]
 [ 0  0  5 22  1]
 [ 0  1  0  3 19]]
Confusion probability:
[[ 0.87272727  0.10909091  0.01818182  0.          0.        ]
 [ 0.          0.8         0.2         0.          0.        ]
 [ 0.02702703  0.01351351  0.91891892  0.04054054  0.        ]
 [ 0.          0.          0.17857143  0.78571429  0.03571429]
 [ 0.          0.04347826  0.          0.13043478  0.82608696]]
Sum of diagonal elements:
4.20344743388
Run with C: 1.0, Gamma: 0.01
sum confProbRuns:
[[43 11  1  0  0]
 [ 1 63  6  0  0]
 [ 2 10 60  2  0]
 [ 0 10  5 13  0]
 [ 0  4  0  2 17]]
Confusion probability:
[[ 0.78181818  0.2         0.01818182  0.          0.        ]
 [ 0.01428571  0.9         0.08571429  0.          0.        ]
 [ 0.02702703  0.13513514  0.81081081  0.02702703  0.        ]
 [ 0.          0.35714286  0.17857143  0.46428571  0.        ]
 [ 0.          0.17391304  0.          0.08695652  0.73913043]]
Sum of diagonal elements:
3.6960451417
Run with C: 1.0, Gamma: 0.1
sum confProbRuns:
[[16 19 20  0  0]
 [ 0 44 26  0  0]
 [ 1 19 52  2  0]
 [ 0  8 16  4  0]
 [ 0 13  8  0  2]]
Confusion probability:
[[ 0.29090909  0.34545455  0.36363636  0.          0.        ]
 [ 0.          0.62857143  0.37142857  0.          0.        ]
 [ 0.01351351  0.25675676  0.7027027   0.02702703  0.        ]
 [ 0.          0.28571429  0.57142857  0.14285714  0.        ]
 [ 0.          0.56521739  0.34782609  0.          0.08695652]]
Sum of diagonal elements:
1.85199688678
Run with C: 1.0, Gamma: 1.0
sum confProbRuns:
[[ 0 17 38  0  0]
 [ 0 14 56  0  0]
 [ 0 29 45  0  0]
 [ 0  7 21  0  0]
 [ 0  6 17  0  0]]
Confusion probability:
[[ 0.          0.30909091  0.69090909  0.          0.        ]
 [ 0.          0.2         0.8         0.          0.        ]
 [ 0.          0.39189189  0.60810811  0.          0.        ]
 [ 0.          0.25        0.75        0.          0.        ]
 [ 0.          0.26086957  0.73913043  0.          0.        ]]
Sum of diagonal elements:
0.808108108108
Run with C: 1.0, Gamma: 10.0
sum confProbRuns:
[[ 0 17 38  0  0]
 [ 0 15 55  0  0]
 [ 0 30 44  0  0]
 [ 0  7 21  0  0]
 [ 0  6 17  0  0]]
Confusion probability:
[[ 0.          0.30909091  0.69090909  0.          0.        ]
 [ 0.          0.21428571  0.78571429  0.          0.        ]
 [ 0.          0.40540541  0.59459459  0.          0.        ]
 [ 0.          0.25        0.75        0.          0.        ]
 [ 0.          0.26086957  0.73913043  0.          0.        ]]
Sum of diagonal elements:
0.80888030888
Run with C: 1.0, Gamma: 100.0
sum confProbRuns:
[[ 0 13 42  0  0]
 [ 0  9 61  0  0]
 [ 0 19 55  0  0]
 [ 0  5 23  0  0]
 [ 0  5 18  0  0]]
Confusion probability:
[[ 0.          0.23636364  0.76363636  0.          0.        ]
 [ 0.          0.12857143  0.87142857  0.          0.        ]
 [ 0.          0.25675676  0.74324324  0.          0.        ]
 [ 0.          0.17857143  0.82142857  0.          0.        ]
 [ 0.          0.2173913   0.7826087   0.          0.        ]]
Sum of diagonal elements:
0.871814671815
Run with C: 10.0, Gamma: 1e-09
sum confProbRuns:
[[ 0 17 38  0  0]
 [ 0 12 58  0  0]
 [ 0 22 52  0  0]
 [ 0  5 23  0  0]
 [ 0  5 18  0  0]]
Confusion probability:
[[ 0.          0.30909091  0.69090909  0.          0.        ]
 [ 0.          0.17142857  0.82857143  0.          0.        ]
 [ 0.          0.2972973   0.7027027   0.          0.        ]
 [ 0.          0.17857143  0.82142857  0.          0.        ]
 [ 0.          0.2173913   0.7826087   0.          0.        ]]
Sum of diagonal elements:
0.874131274131
Run with C: 10.0, Gamma: 1e-08
sum confProbRuns:
[[52  1  2  0  0]
 [35  3 32  0  0]
 [ 6 19 49  0  0]
 [ 0 10 18  0  0]
 [ 0  2 21  0  0]]
Confusion probability:
[[ 0.94545455  0.01818182  0.03636364  0.          0.        ]
 [ 0.5         0.04285714  0.45714286  0.          0.        ]
 [ 0.08108108  0.25675676  0.66216216  0.          0.        ]
 [ 0.          0.35714286  0.64285714  0.          0.        ]
 [ 0.          0.08695652  0.91304348  0.          0.        ]]
Sum of diagonal elements:
1.65047385047
Run with C: 10.0, Gamma: 1e-07
sum confProbRuns:
[[43 10  2  0  0]
 [ 1 38 31  0  0]
 [ 0 25 49  0  0]
 [ 0  6 22  0  0]
 [ 0  0 23  0  0]]
Confusion probability:
[[ 0.78181818  0.18181818  0.03636364  0.          0.        ]
 [ 0.01428571  0.54285714  0.44285714  0.          0.        ]
 [ 0.          0.33783784  0.66216216  0.          0.        ]
 [ 0.          0.21428571  0.78571429  0.          0.        ]
 [ 0.          0.          1.          0.          0.        ]]
Sum of diagonal elements:
1.98683748684
Run with C: 10.0, Gamma: 1e-06
sum confProbRuns:
[[46  9  0  0  0]
 [ 0 52 18  0  0]
 [ 0  3 71  0  0]
 [ 0  0 28  0  0]
 [ 0  0 13  0 10]]
Confusion probability:
[[ 0.83636364  0.16363636  0.          0.          0.        ]
 [ 0.          0.74285714  0.25714286  0.          0.        ]
 [ 0.          0.04054054  0.95945946  0.          0.        ]
 [ 0.          0.          1.          0.          0.        ]
 [ 0.          0.          0.56521739  0.          0.43478261]]
Sum of diagonal elements:
2.97346284738
Run with C: 10.0, Gamma: 1e-05
sum confProbRuns:
[[49  6  0  0  0]
 [ 0 56 14  0  0]
 [ 0  3 68  3  0]
 [ 0  0 17  9  2]
 [ 0  0  8  5 10]]
Confusion probability:
[[ 0.89090909  0.10909091  0.          0.          0.        ]
 [ 0.          0.8         0.2         0.          0.        ]
 [ 0.          0.04054054  0.91891892  0.04054054  0.        ]
 [ 0.          0.          0.60714286  0.32142857  0.07142857]
 [ 0.          0.          0.34782609  0.2173913   0.43478261]]
Sum of diagonal elements:
3.36603918995
Run with C: 10.0, Gamma: 0.0001
sum confProbRuns:
[[49  5  1  0  0]
 [ 3 54 13  0  0]
 [ 1  2 67  4  0]
 [ 0  0  4 23  1]
 [ 0  0  0  2 21]]
Confusion probability:
[[ 0.89090909  0.09090909  0.01818182  0.          0.        ]
 [ 0.04285714  0.77142857  0.18571429  0.          0.        ]
 [ 0.01351351  0.02702703  0.90540541  0.05405405  0.        ]
 [ 0.          0.          0.14285714  0.82142857  0.03571429]
 [ 0.          0.          0.          0.08695652  0.91304348]]
Sum of diagonal elements:
4.30221511743
Run with C: 10.0, Gamma: 0.001
sum confProbRuns:
[[48  6  1  0  0]
 [ 2 64  4  0  0]
 [ 2  1 68  3  0]
 [ 0  0  5 22  1]
 [ 0  0  0  3 20]]
Confusion probability:
[[ 0.87272727  0.10909091  0.01818182  0.          0.        ]
 [ 0.02857143  0.91428571  0.05714286  0.          0.        ]
 [ 0.02702703  0.01351351  0.91891892  0.04054054  0.        ]
 [ 0.          0.          0.17857143  0.78571429  0.03571429]
 [ 0.          0.          0.          0.13043478  0.86956522]]
Sum of diagonal elements:
4.36121140904
Run with C: 10.0, Gamma: 0.01
sum confProbRuns:
[[45  9  1  0  0]
 [ 2 64  4  0  0]
 [ 3  9 60  2  0]
 [ 0 10  2 16  0]
 [ 0  4  0  2 17]]
Confusion probability:
[[ 0.81818182  0.16363636  0.01818182  0.          0.        ]
 [ 0.02857143  0.91428571  0.05714286  0.          0.        ]
 [ 0.04054054  0.12162162  0.81081081  0.02702703  0.        ]
 [ 0.          0.35714286  0.07142857  0.57142857  0.        ]
 [ 0.          0.17391304  0.          0.08695652  0.73913043]]
Sum of diagonal elements:
3.85383734949
Run with C: 10.0, Gamma: 0.1
sum confProbRuns:
[[18 24 13  0  0]
 [ 0 54 16  0  0]
 [ 1 23 46  4  0]
 [ 0  8 13  7  0]
 [ 0 17  3  0  3]]
Confusion probability:
[[ 0.32727273  0.43636364  0.23636364  0.          0.        ]
 [ 0.          0.77142857  0.22857143  0.          0.        ]
 [ 0.01351351  0.31081081  0.62162162  0.05405405  0.        ]
 [ 0.          0.28571429  0.46428571  0.25        0.        ]
 [ 0.          0.73913043  0.13043478  0.          0.13043478]]
Sum of diagonal elements:
2.10075770293
Run with C: 10.0, Gamma: 1.0
sum confProbRuns:
[[ 0 17 38  0  0]
 [ 0 16 54  0  0]
 [ 0 27 47  0  0]
 [ 0  7 21  0  0]
 [ 0  6 17  0  0]]
Confusion probability:
[[ 0.          0.30909091  0.69090909  0.          0.        ]
 [ 0.          0.22857143  0.77142857  0.          0.        ]
 [ 0.          0.36486486  0.63513514  0.          0.        ]
 [ 0.          0.25        0.75        0.          0.        ]
 [ 0.          0.26086957  0.73913043  0.          0.        ]]
Sum of diagonal elements:
0.863706563707
Run with C: 10.0, Gamma: 10.0
sum confProbRuns:
[[ 0 17 38  0  0]
 [ 0 15 55  0  0]
 [ 0 30 44  0  0]
 [ 0  7 21  0  0]
 [ 0  6 17  0  0]]
Confusion probability:
[[ 0.          0.30909091  0.69090909  0.          0.        ]
 [ 0.          0.21428571  0.78571429  0.          0.        ]
 [ 0.          0.40540541  0.59459459  0.          0.        ]
 [ 0.          0.25        0.75        0.          0.        ]
 [ 0.          0.26086957  0.73913043  0.          0.        ]]
Sum of diagonal elements:
0.80888030888
Run with C: 10.0, Gamma: 100.0
sum confProbRuns:
[[ 0 13 42  0  0]
 [ 0  9 61  0  0]
 [ 0 19 55  0  0]
 [ 0  5 23  0  0]
 [ 0  5 18  0  0]]
Confusion probability:
[[ 0.          0.23636364  0.76363636  0.          0.        ]
 [ 0.          0.12857143  0.87142857  0.          0.        ]
 [ 0.          0.25675676  0.74324324  0.          0.        ]
 [ 0.          0.17857143  0.82142857  0.          0.        ]
 [ 0.          0.2173913   0.7826087   0.          0.        ]]
Sum of diagonal elements:
0.871814671815
Run with C: 100.0, Gamma: 1e-09
sum confProbRuns:
[[52  1  2  0  0]
 [35  3 32  0  0]
 [ 6 19 49  0  0]
 [ 0 10 18  0  0]
 [ 0  2 21  0  0]]
Confusion probability:
[[ 0.94545455  0.01818182  0.03636364  0.          0.        ]
 [ 0.5         0.04285714  0.45714286  0.          0.        ]
 [ 0.08108108  0.25675676  0.66216216  0.          0.        ]
 [ 0.          0.35714286  0.64285714  0.          0.        ]
 [ 0.          0.08695652  0.91304348  0.          0.        ]]
Sum of diagonal elements:
1.65047385047
Run with C: 100.0, Gamma: 1e-08
sum confProbRuns:
[[43 10  2  0  0]
 [ 1 38 31  0  0]
 [ 0 25 49  0  0]
 [ 0  7 21  0  0]
 [ 0  1 22  0  0]]
Confusion probability:
[[ 0.78181818  0.18181818  0.03636364  0.          0.        ]
 [ 0.01428571  0.54285714  0.44285714  0.          0.        ]
 [ 0.          0.33783784  0.66216216  0.          0.        ]
 [ 0.          0.25        0.75        0.          0.        ]
 [ 0.          0.04347826  0.95652174  0.          0.        ]]
Sum of diagonal elements:
1.98683748684
Run with C: 100.0, Gamma: 1e-07
sum confProbRuns:
[[46  8  1  0  0]
 [ 4 45 21  0  0]
 [ 0  3 71  0  0]
 [ 0  0 28  0  0]
 [ 0  0 13  0 10]]
Confusion probability:
[[ 0.83636364  0.14545455  0.01818182  0.          0.        ]
 [ 0.05714286  0.64285714  0.3         0.          0.        ]
 [ 0.          0.04054054  0.95945946  0.          0.        ]
 [ 0.          0.          1.          0.          0.        ]
 [ 0.          0.          0.56521739  0.          0.43478261]]
Sum of diagonal elements:
2.87346284738
Run with C: 100.0, Gamma: 1e-06
sum confProbRuns:
[[49  6  0  0  0]
 [ 0 54 16  0  0]
 [ 0  3 70  1  0]
 [ 0  0 17  9  2]
 [ 0  0 10  2 11]]
Confusion probability:
[[ 0.89090909  0.10909091  0.          0.          0.        ]
 [ 0.          0.77142857  0.22857143  0.          0.        ]
 [ 0.          0.04054054  0.94594595  0.01351351  0.        ]
 [ 0.          0.          0.60714286  0.32142857  0.07142857]
 [ 0.          0.          0.43478261  0.08695652  0.47826087]]
Sum of diagonal elements:
3.40797304928
Run with C: 100.0, Gamma: 1e-05
sum confProbRuns:
[[49  6  0  0  0]
 [ 0 56 14  0  0]
 [ 0  3 67  4  0]
 [ 0  0  5 22  1]
 [ 0  0  0  2 21]]
Confusion probability:
[[ 0.89090909  0.10909091  0.          0.          0.        ]
 [ 0.          0.8         0.2         0.          0.        ]
 [ 0.          0.04054054  0.90540541  0.05405405  0.        ]
 [ 0.          0.          0.17857143  0.78571429  0.03571429]
 [ 0.          0.          0.          0.08695652  0.91304348]]
Sum of diagonal elements:
4.29507226029
Run with C: 100.0, Gamma: 0.0001
sum confProbRuns:
[[50  4  1  0  0]
 [ 0 66  4  0  0]
 [ 2  2 64  6  0]
 [ 0  0  4 22  2]
 [ 0  0  0  2 21]]
Confusion probability:
[[ 0.90909091  0.07272727  0.01818182  0.          0.        ]
 [ 0.          0.94285714  0.05714286  0.          0.        ]
 [ 0.02702703  0.02702703  0.86486486  0.08108108  0.        ]
 [ 0.          0.          0.14285714  0.78571429  0.07142857]
 [ 0.          0.          0.          0.08695652  0.91304348]]
Sum of diagonal elements:
4.41557068079
Run with C: 100.0, Gamma: 0.001
sum confProbRuns:
[[51  4  0  0  0]
 [ 4 62  4  0  0]
 [ 2  1 68  3  0]
 [ 0  0  5 22  1]
 [ 0  0  0  3 20]]
Confusion probability:
[[ 0.92727273  0.07272727  0.          0.          0.        ]
 [ 0.05714286  0.88571429  0.05714286  0.          0.        ]
 [ 0.02702703  0.01351351  0.91891892  0.04054054  0.        ]
 [ 0.          0.          0.17857143  0.78571429  0.03571429]
 [ 0.          0.          0.          0.13043478  0.86956522]]
Sum of diagonal elements:
4.38718543501
Run with C: 100.0, Gamma: 0.01
sum confProbRuns:
[[45  9  1  0  0]
 [ 2 63  5  0  0]
 [ 3 10 56  5  0]
 [ 0 10  4 14  0]
 [ 0  4  0  2 17]]
Confusion probability:
[[ 0.81818182  0.16363636  0.01818182  0.          0.        ]
 [ 0.02857143  0.9         0.07142857  0.          0.        ]
 [ 0.04054054  0.13513514  0.75675676  0.06756757  0.        ]
 [ 0.          0.35714286  0.14285714  0.5         0.        ]
 [ 0.          0.17391304  0.          0.08695652  0.73913043]]
Sum of diagonal elements:
3.71406900972
Run with C: 100.0, Gamma: 0.1
sum confProbRuns:
[[18 24 13  0  0]
 [ 0 54 16  0  0]
 [ 1 23 46  4  0]
 [ 0  8 13  7  0]
 [ 0 17  3  0  3]]
Confusion probability:
[[ 0.32727273  0.43636364  0.23636364  0.          0.        ]
 [ 0.          0.77142857  0.22857143  0.          0.        ]
 [ 0.01351351  0.31081081  0.62162162  0.05405405  0.        ]
 [ 0.          0.28571429  0.46428571  0.25        0.        ]
 [ 0.          0.73913043  0.13043478  0.          0.13043478]]
Sum of diagonal elements:
2.10075770293
Run with C: 100.0, Gamma: 1.0
sum confProbRuns:
[[ 0 17 38  0  0]
 [ 0 16 54  0  0]
 [ 0 27 47  0  0]
 [ 0  7 21  0  0]
 [ 0  6 17  0  0]]
Confusion probability:
[[ 0.          0.30909091  0.69090909  0.          0.        ]
 [ 0.          0.22857143  0.77142857  0.          0.        ]
 [ 0.          0.36486486  0.63513514  0.          0.        ]
 [ 0.          0.25        0.75        0.          0.        ]
 [ 0.          0.26086957  0.73913043  0.          0.        ]]
Sum of diagonal elements:
0.863706563707
Run with C: 100.0, Gamma: 10.0
sum confProbRuns:
[[ 0 17 38  0  0]
 [ 0 15 55  0  0]
 [ 0 30 44  0  0]
 [ 0  7 21  0  0]
 [ 0  6 17  0  0]]
Confusion probability:
[[ 0.          0.30909091  0.69090909  0.          0.        ]
 [ 0.          0.21428571  0.78571429  0.          0.        ]
 [ 0.          0.40540541  0.59459459  0.          0.        ]
 [ 0.          0.25        0.75        0.          0.        ]
 [ 0.          0.26086957  0.73913043  0.          0.        ]]
Sum of diagonal elements:
0.80888030888
Run with C: 100.0, Gamma: 100.0
sum confProbRuns:
[[ 0 13 42  0  0]
 [ 0  9 61  0  0]
 [ 0 19 55  0  0]
 [ 0  5 23  0  0]
 [ 0  5 18  0  0]]
Confusion probability:
[[ 0.          0.23636364  0.76363636  0.          0.        ]
 [ 0.          0.12857143  0.87142857  0.          0.        ]
 [ 0.          0.25675676  0.74324324  0.          0.        ]
 [ 0.          0.17857143  0.82142857  0.          0.        ]
 [ 0.          0.2173913   0.7826087   0.          0.        ]]
Sum of diagonal elements:
0.871814671815
Run with C: 1000.0, Gamma: 1e-09
sum confProbRuns:
[[43 10  2  0  0]
 [ 1 38 31  0  0]
 [ 0 25 49  0  0]
 [ 0  7 21  0  0]
 [ 0  1 22  0  0]]
Confusion probability:
[[ 0.78181818  0.18181818  0.03636364  0.          0.        ]
 [ 0.01428571  0.54285714  0.44285714  0.          0.        ]
 [ 0.          0.33783784  0.66216216  0.          0.        ]
 [ 0.          0.25        0.75        0.          0.        ]
 [ 0.          0.04347826  0.95652174  0.          0.        ]]
Sum of diagonal elements:
1.98683748684
Run with C: 1000.0, Gamma: 1e-08
sum confProbRuns:
[[46  6  3  0  0]
 [ 5 44 21  0  0]
 [ 0 16 58  0  0]
 [ 0  0 28  0  0]
 [ 0  0 13  0 10]]
Confusion probability:
[[ 0.83636364  0.10909091  0.05454545  0.          0.        ]
 [ 0.07142857  0.62857143  0.3         0.          0.        ]
 [ 0.          0.21621622  0.78378378  0.          0.        ]
 [ 0.          0.          1.          0.          0.        ]
 [ 0.          0.          0.56521739  0.          0.43478261]]
Sum of diagonal elements:
2.68350145741
Run with C: 1000.0, Gamma: 1e-07
sum confProbRuns:
[[47  8  0  0  0]
 [ 0 51 19  0  0]
 [ 0  3 71  0  0]
 [ 0  0 28  0  0]
 [ 0  0  9  2 12]]
Confusion probability:
[[ 0.85454545  0.14545455  0.          0.          0.        ]
 [ 0.          0.72857143  0.27142857  0.          0.        ]
 [ 0.          0.04054054  0.95945946  0.          0.        ]
 [ 0.          0.          1.          0.          0.        ]
 [ 0.          0.          0.39130435  0.08695652  0.52173913]]
Sum of diagonal elements:
3.06431547301
Run with C: 1000.0, Gamma: 1e-06
sum confProbRuns:
[[49  6  0  0  0]
 [ 2 54 14  0  0]
 [ 1  2 67  4  0]
 [ 0  0  8 19  1]
 [ 0  0  0  3 20]]
Confusion probability:
[[ 0.89090909  0.10909091  0.          0.          0.        ]
 [ 0.02857143  0.77142857  0.2         0.          0.        ]
 [ 0.01351351  0.02702703  0.90540541  0.05405405  0.        ]
 [ 0.          0.          0.28571429  0.67857143  0.03571429]
 [ 0.          0.          0.          0.13043478  0.86956522]]
Sum of diagonal elements:
4.11587971371
Run with C: 1000.0, Gamma: 1e-05
sum confProbRuns:
[[50  4  1  0  0]
 [ 0 67  3  0  0]
 [ 2  2 66  4  0]
 [ 0  0  4 23  1]
 [ 0  0  0  2 21]]
Confusion probability:
[[ 0.90909091  0.07272727  0.01818182  0.          0.        ]
 [ 0.          0.95714286  0.04285714  0.          0.        ]
 [ 0.02702703  0.02702703  0.89189189  0.05405405  0.        ]
 [ 0.          0.          0.14285714  0.82142857  0.03571429]
 [ 0.          0.          0.          0.08695652  0.91304348]]
Sum of diagonal elements:
4.49259770782
Run with C: 1000.0, Gamma: 0.0001
sum confProbRuns:
[[52  3  0  0  0]
 [ 3 65  2  0  0]
 [ 2  1 66  5  0]
 [ 0  0  7 20  1]
 [ 0  0  0  3 20]]
Confusion probability:
[[ 0.94545455  0.05454545  0.          0.          0.        ]
 [ 0.04285714  0.92857143  0.02857143  0.          0.        ]
 [ 0.02702703  0.01351351  0.89189189  0.06756757  0.        ]
 [ 0.          0.          0.25        0.71428571  0.03571429]
 [ 0.          0.          0.          0.13043478  0.86956522]]
Sum of diagonal elements:
4.34976879759
Run with C: 1000.0, Gamma: 0.001
sum confProbRuns:
[[51  2  2  0  0]
 [ 2 63  5  0  0]
 [ 2  4 65  3  0]
 [ 0  0  8 19  1]
 [ 0  0  0  3 20]]
Confusion probability:
[[ 0.92727273  0.03636364  0.03636364  0.          0.        ]
 [ 0.02857143  0.9         0.07142857  0.          0.        ]
 [ 0.02702703  0.05405405  0.87837838  0.04054054  0.        ]
 [ 0.          0.          0.28571429  0.67857143  0.03571429]
 [ 0.          0.          0.          0.13043478  0.86956522]]
Sum of diagonal elements:
4.25378775161
Run with C: 1000.0, Gamma: 0.01
sum confProbRuns:
[[45  9  1  0  0]
 [ 2 63  5  0  0]
 [ 3 10 56  5  0]
 [ 0 10  4 14  0]
 [ 0  4  0  2 17]]
Confusion probability:
[[ 0.81818182  0.16363636  0.01818182  0.          0.        ]
 [ 0.02857143  0.9         0.07142857  0.          0.        ]
 [ 0.04054054  0.13513514  0.75675676  0.06756757  0.        ]
 [ 0.          0.35714286  0.14285714  0.5         0.        ]
 [ 0.          0.17391304  0.          0.08695652  0.73913043]]
Sum of diagonal elements:
3.71406900972
Run with C: 1000.0, Gamma: 0.1
sum confProbRuns:
[[18 24 13  0  0]
 [ 0 54 16  0  0]
 [ 1 23 46  4  0]
 [ 0  8 13  7  0]
 [ 0 17  3  0  3]]
Confusion probability:
[[ 0.32727273  0.43636364  0.23636364  0.          0.        ]
 [ 0.          0.77142857  0.22857143  0.          0.        ]
 [ 0.01351351  0.31081081  0.62162162  0.05405405  0.        ]
 [ 0.          0.28571429  0.46428571  0.25        0.        ]
 [ 0.          0.73913043  0.13043478  0.          0.13043478]]
Sum of diagonal elements:
2.10075770293
Run with C: 1000.0, Gamma: 1.0
sum confProbRuns:
[[ 0 17 38  0  0]
 [ 0 16 54  0  0]
 [ 0 27 47  0  0]
 [ 0  7 21  0  0]
 [ 0  6 17  0  0]]
Confusion probability:
[[ 0.          0.30909091  0.69090909  0.          0.        ]
 [ 0.          0.22857143  0.77142857  0.          0.        ]
 [ 0.          0.36486486  0.63513514  0.          0.        ]
 [ 0.          0.25        0.75        0.          0.        ]
 [ 0.          0.26086957  0.73913043  0.          0.        ]]
Sum of diagonal elements:
0.863706563707
Run with C: 1000.0, Gamma: 10.0
sum confProbRuns:
[[ 0 17 38  0  0]
 [ 0 15 55  0  0]
 [ 0 30 44  0  0]
 [ 0  7 21  0  0]
 [ 0  6 17  0  0]]
Confusion probability:
[[ 0.          0.30909091  0.69090909  0.          0.        ]
 [ 0.          0.21428571  0.78571429  0.          0.        ]
 [ 0.          0.40540541  0.59459459  0.          0.        ]
 [ 0.          0.25        0.75        0.          0.        ]
 [ 0.          0.26086957  0.73913043  0.          0.        ]]
Sum of diagonal elements:
0.80888030888
Run with C: 1000.0, Gamma: 100.0
sum confProbRuns:
[[ 0 13 42  0  0]
 [ 0  9 61  0  0]
 [ 0 19 55  0  0]
 [ 0  5 23  0  0]
 [ 0  5 18  0  0]]
Confusion probability:
[[ 0.          0.23636364  0.76363636  0.          0.        ]
 [ 0.          0.12857143  0.87142857  0.          0.        ]
 [ 0.          0.25675676  0.74324324  0.          0.        ]
 [ 0.          0.17857143  0.82142857  0.          0.        ]
 [ 0.          0.2173913   0.7826087   0.          0.        ]]
Sum of diagonal elements:
0.871814671815
Run with C: 10000.0, Gamma: 1e-09
sum confProbRuns:
[[46  6  3  0  0]
 [ 5 44 21  0  0]
 [ 0 15 59  0  0]
 [ 0  0 28  0  0]
 [ 0  0 13  0 10]]
Confusion probability:
[[ 0.83636364  0.10909091  0.05454545  0.          0.        ]
 [ 0.07142857  0.62857143  0.3         0.          0.        ]
 [ 0.          0.2027027   0.7972973   0.          0.        ]
 [ 0.          0.          1.          0.          0.        ]
 [ 0.          0.          0.56521739  0.          0.43478261]]
Sum of diagonal elements:
2.69701497093
Run with C: 10000.0, Gamma: 1e-08
sum confProbRuns:
[[46  9  0  0  0]
 [ 5 45 20  0  0]
 [ 0  3 71  0  0]
 [ 0  0 28  0  0]
 [ 0  0 11  0 12]]
Confusion probability:
[[ 0.83636364  0.16363636  0.          0.          0.        ]
 [ 0.07142857  0.64285714  0.28571429  0.          0.        ]
 [ 0.          0.04054054  0.95945946  0.          0.        ]
 [ 0.          0.          1.          0.          0.        ]
 [ 0.          0.          0.47826087  0.          0.52173913]]
Sum of diagonal elements:
2.96041936912
Run with C: 10000.0, Gamma: 1e-07
sum confProbRuns:
[[49  6  0  0  0]
 [ 0 57 13  0  0]
 [ 0  3 68  3  0]
 [ 0  0 10 18  0]
 [ 0  0  0  3 20]]
Confusion probability:
[[ 0.89090909  0.10909091  0.          0.          0.        ]
 [ 0.          0.81428571  0.18571429  0.          0.        ]
 [ 0.          0.04054054  0.91891892  0.04054054  0.        ]
 [ 0.          0.          0.35714286  0.64285714  0.        ]
 [ 0.          0.          0.          0.13043478  0.86956522]]
Sum of diagonal elements:
4.13653608436
Run with C: 10000.0, Gamma: 1e-06
sum confProbRuns:
[[51  4  0  0  0]
 [ 0 67  3  0  0]
 [ 2  2 66  4  0]
 [ 0  0  4 23  1]
 [ 0  0  0  2 21]]
Confusion probability:
[[ 0.92727273  0.07272727  0.          0.          0.        ]
 [ 0.          0.95714286  0.04285714  0.          0.        ]
 [ 0.02702703  0.02702703  0.89189189  0.05405405  0.        ]
 [ 0.          0.          0.14285714  0.82142857  0.03571429]
 [ 0.          0.          0.          0.08695652  0.91304348]]
Sum of diagonal elements:
4.510779526
Run with C: 10000.0, Gamma: 1e-05
sum confProbRuns:
[[52  3  0  0  0]
 [ 1 67  2  0  0]
 [ 2  1 66  5  0]
 [ 0  0  4 23  1]
 [ 0  0  0  2 21]]
Confusion probability:
[[ 0.94545455  0.05454545  0.          0.          0.        ]
 [ 0.01428571  0.95714286  0.02857143  0.          0.        ]
 [ 0.02702703  0.01351351  0.89189189  0.06756757  0.        ]
 [ 0.          0.          0.14285714  0.82142857  0.03571429]
 [ 0.          0.          0.          0.08695652  0.91304348]]
Sum of diagonal elements:
4.52896134418
Run with C: 10000.0, Gamma: 0.0001
sum confProbRuns:
[[52  0  3  0  0]
 [ 2 66  2  0  0]
 [ 1  1 67  5  0]
 [ 0  0  7 20  1]
 [ 0  0  0  2 21]]
Confusion probability:
[[ 0.94545455  0.          0.05454545  0.          0.        ]
 [ 0.02857143  0.94285714  0.02857143  0.          0.        ]
 [ 0.01351351  0.01351351  0.90540541  0.06756757  0.        ]
 [ 0.          0.          0.25        0.71428571  0.03571429]
 [ 0.          0.          0.          0.08695652  0.91304348]]
Sum of diagonal elements:
4.42104628626
Run with C: 10000.0, Gamma: 0.001
sum confProbRuns:
[[51  2  2  0  0]
 [ 2 63  5  0  0]
 [ 2  5 62  5  0]
 [ 0  2  7 18  1]
 [ 0  0  0  3 20]]
Confusion probability:
[[ 0.92727273  0.03636364  0.03636364  0.          0.        ]
 [ 0.02857143  0.9         0.07142857  0.          0.        ]
 [ 0.02702703  0.06756757  0.83783784  0.06756757  0.        ]
 [ 0.          0.07142857  0.25        0.64285714  0.03571429]
 [ 0.          0.          0.          0.13043478  0.86956522]]
Sum of diagonal elements:
4.17753292536
Run with C: 10000.0, Gamma: 0.01
sum confProbRuns:
[[45  9  1  0  0]
 [ 2 63  5  0  0]
 [ 3 10 56  5  0]
 [ 0 10  4 14  0]
 [ 0  4  0  2 17]]
Confusion probability:
[[ 0.81818182  0.16363636  0.01818182  0.          0.        ]
 [ 0.02857143  0.9         0.07142857  0.          0.        ]
 [ 0.04054054  0.13513514  0.75675676  0.06756757  0.        ]
 [ 0.          0.35714286  0.14285714  0.5         0.        ]
 [ 0.          0.17391304  0.          0.08695652  0.73913043]]
Sum of diagonal elements:
3.71406900972
Run with C: 10000.0, Gamma: 0.1
sum confProbRuns:
[[18 24 13  0  0]
 [ 0 54 16  0  0]
 [ 1 23 46  4  0]
 [ 0  8 13  7  0]
 [ 0 17  3  0  3]]
Confusion probability:
[[ 0.32727273  0.43636364  0.23636364  0.          0.        ]
 [ 0.          0.77142857  0.22857143  0.          0.        ]
 [ 0.01351351  0.31081081  0.62162162  0.05405405  0.        ]
 [ 0.          0.28571429  0.46428571  0.25        0.        ]
 [ 0.          0.73913043  0.13043478  0.          0.13043478]]
Sum of diagonal elements:
2.10075770293
Run with C: 10000.0, Gamma: 1.0
sum confProbRuns:
[[ 0 17 38  0  0]
 [ 0 16 54  0  0]
 [ 0 27 47  0  0]
 [ 0  7 21  0  0]
 [ 0  6 17  0  0]]
Confusion probability:
[[ 0.          0.30909091  0.69090909  0.          0.        ]
 [ 0.          0.22857143  0.77142857  0.          0.        ]
 [ 0.          0.36486486  0.63513514  0.          0.        ]
 [ 0.          0.25        0.75        0.          0.        ]
 [ 0.          0.26086957  0.73913043  0.          0.        ]]
Sum of diagonal elements:
0.863706563707
Run with C: 10000.0, Gamma: 10.0
sum confProbRuns:
[[ 0 17 38  0  0]
 [ 0 15 55  0  0]
 [ 0 30 44  0  0]
 [ 0  7 21  0  0]
 [ 0  6 17  0  0]]
Confusion probability:
[[ 0.          0.30909091  0.69090909  0.          0.        ]
 [ 0.          0.21428571  0.78571429  0.          0.        ]
 [ 0.          0.40540541  0.59459459  0.          0.        ]
 [ 0.          0.25        0.75        0.          0.        ]
 [ 0.          0.26086957  0.73913043  0.          0.        ]]
Sum of diagonal elements:
0.80888030888
Run with C: 10000.0, Gamma: 100.0
sum confProbRuns:
[[ 0 13 42  0  0]
 [ 0  9 61  0  0]
 [ 0 19 55  0  0]
 [ 0  5 23  0  0]
 [ 0  5 18  0  0]]
Confusion probability:
[[ 0.          0.23636364  0.76363636  0.          0.        ]
 [ 0.          0.12857143  0.87142857  0.          0.        ]
 [ 0.          0.25675676  0.74324324  0.          0.        ]
 [ 0.          0.17857143  0.82142857  0.          0.        ]
 [ 0.          0.2173913   0.7826087   0.          0.        ]]
Sum of diagonal elements:
0.871814671815
Run with C: 100000.0, Gamma: 1e-09
sum confProbRuns:
[[46  6  3  0  0]
 [ 5 45 20  0  0]
 [ 0  3 71  0  0]
 [ 0  0 28  0  0]
 [ 0  0 11  0 12]]
Confusion probability:
[[ 0.83636364  0.10909091  0.05454545  0.          0.        ]
 [ 0.07142857  0.64285714  0.28571429  0.          0.        ]
 [ 0.          0.04054054  0.95945946  0.          0.        ]
 [ 0.          0.          1.          0.          0.        ]
 [ 0.          0.          0.47826087  0.          0.52173913]]
Sum of diagonal elements:
2.96041936912
Run with C: 100000.0, Gamma: 1e-08
sum confProbRuns:
[[47  8  0  0  0]
 [ 0 54 16  0  0]
 [ 0  3 68  3  0]
 [ 0  0 10 18  0]
 [ 0  0  0  3 20]]
Confusion probability:
[[ 0.85454545  0.14545455  0.          0.          0.        ]
 [ 0.          0.77142857  0.22857143  0.          0.        ]
 [ 0.          0.04054054  0.91891892  0.04054054  0.        ]
 [ 0.          0.          0.35714286  0.64285714  0.        ]
 [ 0.          0.          0.          0.13043478  0.86956522]]
Sum of diagonal elements:
4.05731530514
Run with C: 100000.0, Gamma: 1e-07
sum confProbRuns:
[[49  6  0  0  0]
 [ 0 67  3  0  0]
 [ 1  2 66  5  0]
 [ 0  0  7 20  1]
 [ 0  0  0  3 20]]
Confusion probability:
[[ 0.89090909  0.10909091  0.          0.          0.        ]
 [ 0.          0.95714286  0.04285714  0.          0.        ]
 [ 0.01351351  0.02702703  0.89189189  0.06756757  0.        ]
 [ 0.          0.          0.25        0.71428571  0.03571429]
 [ 0.          0.          0.          0.13043478  0.86956522]]
Sum of diagonal elements:
4.32379477162
Run with C: 100000.0, Gamma: 1e-06
sum confProbRuns:
[[51  4  0  0  0]
 [ 1 66  3  0  0]
 [ 2  1 65  6  0]
 [ 0  0  6 21  1]
 [ 0  0  0  2 21]]
Confusion probability:
[[ 0.92727273  0.07272727  0.          0.          0.        ]
 [ 0.01428571  0.94285714  0.04285714  0.          0.        ]
 [ 0.02702703  0.01351351  0.87837838  0.08108108  0.        ]
 [ 0.          0.          0.21428571  0.75        0.03571429]
 [ 0.          0.          0.          0.08695652  0.91304348]]
Sum of diagonal elements:
4.41155172677
Run with C: 100000.0, Gamma: 1e-05
sum confProbRuns:
[[52  1  2  0  0]
 [ 0 69  1  0  0]
 [ 1  2 67  4  0]
 [ 0  0  5 22  1]
 [ 0  0  0  1 22]]
Confusion probability:
[[ 0.94545455  0.01818182  0.03636364  0.          0.        ]
 [ 0.          0.98571429  0.01428571  0.          0.        ]
 [ 0.01351351  0.02702703  0.90540541  0.05405405  0.        ]
 [ 0.          0.          0.17857143  0.78571429  0.03571429]
 [ 0.          0.          0.          0.04347826  0.95652174]]
Sum of diagonal elements:
4.57881026142
Run with C: 100000.0, Gamma: 0.0001
sum confProbRuns:
[[52  0  3  0  0]
 [ 2 66  2  0  0]
 [ 1  2 66  5  0]
 [ 0  0  7 19  2]
 [ 0  0  0  4 19]]
Confusion probability:
[[ 0.94545455  0.          0.05454545  0.          0.        ]
 [ 0.02857143  0.94285714  0.02857143  0.          0.        ]
 [ 0.01351351  0.02702703  0.89189189  0.06756757  0.        ]
 [ 0.          0.          0.25        0.67857143  0.07142857]
 [ 0.          0.          0.          0.17391304  0.82608696]]
Sum of diagonal elements:
4.2848619653
Run with C: 100000.0, Gamma: 0.001
sum confProbRuns:
[[51  2  2  0  0]
 [ 2 63  5  0  0]
 [ 2  5 62  5  0]
 [ 0  2  7 18  1]
 [ 0  0  0  3 20]]
Confusion probability:
[[ 0.92727273  0.03636364  0.03636364  0.          0.        ]
 [ 0.02857143  0.9         0.07142857  0.          0.        ]
 [ 0.02702703  0.06756757  0.83783784  0.06756757  0.        ]
 [ 0.          0.07142857  0.25        0.64285714  0.03571429]
 [ 0.          0.          0.          0.13043478  0.86956522]]
Sum of diagonal elements:
4.17753292536
Run with C: 100000.0, Gamma: 0.01
sum confProbRuns:
[[45  9  1  0  0]
 [ 2 63  5  0  0]
 [ 3 10 56  5  0]
 [ 0 10  4 14  0]
 [ 0  4  0  2 17]]
Confusion probability:
[[ 0.81818182  0.16363636  0.01818182  0.          0.        ]
 [ 0.02857143  0.9         0.07142857  0.          0.        ]
 [ 0.04054054  0.13513514  0.75675676  0.06756757  0.        ]
 [ 0.          0.35714286  0.14285714  0.5         0.        ]
 [ 0.          0.17391304  0.          0.08695652  0.73913043]]
Sum of diagonal elements:
3.71406900972
Run with C: 100000.0, Gamma: 0.1
sum confProbRuns:
[[18 24 13  0  0]
 [ 0 54 16  0  0]
 [ 1 23 46  4  0]
 [ 0  8 13  7  0]
 [ 0 17  3  0  3]]
Confusion probability:
[[ 0.32727273  0.43636364  0.23636364  0.          0.        ]
 [ 0.          0.77142857  0.22857143  0.          0.        ]
 [ 0.01351351  0.31081081  0.62162162  0.05405405  0.        ]
 [ 0.          0.28571429  0.46428571  0.25        0.        ]
 [ 0.          0.73913043  0.13043478  0.          0.13043478]]
Sum of diagonal elements:
2.10075770293
Run with C: 100000.0, Gamma: 1.0
sum confProbRuns:
[[ 0 17 38  0  0]
 [ 0 16 54  0  0]
 [ 0 27 47  0  0]
 [ 0  7 21  0  0]
 [ 0  6 17  0  0]]
Confusion probability:
[[ 0.          0.30909091  0.69090909  0.          0.        ]
 [ 0.          0.22857143  0.77142857  0.          0.        ]
 [ 0.          0.36486486  0.63513514  0.          0.        ]
 [ 0.          0.25        0.75        0.          0.        ]
 [ 0.          0.26086957  0.73913043  0.          0.        ]]
Sum of diagonal elements:
0.863706563707
Run with C: 100000.0, Gamma: 10.0
sum confProbRuns:
[[ 0 17 38  0  0]
 [ 0 15 55  0  0]
 [ 0 30 44  0  0]
 [ 0  7 21  0  0]
 [ 0  6 17  0  0]]
Confusion probability:
[[ 0.          0.30909091  0.69090909  0.          0.        ]
 [ 0.          0.21428571  0.78571429  0.          0.        ]
 [ 0.          0.40540541  0.59459459  0.          0.        ]
 [ 0.          0.25        0.75        0.          0.        ]
 [ 0.          0.26086957  0.73913043  0.          0.        ]]
Sum of diagonal elements:
0.80888030888
Run with C: 100000.0, Gamma: 100.0
sum confProbRuns:
[[ 0 13 42  0  0]
 [ 0  9 61  0  0]
 [ 0 19 55  0  0]
 [ 0  5 23  0  0]
 [ 0  5 18  0  0]]
Confusion probability:
[[ 0.          0.23636364  0.76363636  0.          0.        ]
 [ 0.          0.12857143  0.87142857  0.          0.        ]
 [ 0.          0.25675676  0.74324324  0.          0.        ]
 [ 0.          0.17857143  0.82142857  0.          0.        ]
 [ 0.          0.2173913   0.7826087   0.          0.        ]]
Sum of diagonal elements:
0.871814671815
Run with C: 1000000.0, Gamma: 1e-09
sum confProbRuns:
[[44 11  0  0  0]
 [ 1 55 14  0  0]
 [ 0  3 69  2  0]
 [ 0  0 11 17  0]
 [ 0  0  0  3 20]]
Confusion probability:
[[ 0.8         0.2         0.          0.          0.        ]
 [ 0.01428571  0.78571429  0.2         0.          0.        ]
 [ 0.          0.04054054  0.93243243  0.02702703  0.        ]
 [ 0.          0.          0.39285714  0.60714286  0.        ]
 [ 0.          0.          0.          0.13043478  0.86956522]]
Sum of diagonal elements:
3.99485479268
Run with C: 1000000.0, Gamma: 1e-08
sum confProbRuns:
[[49  6  0  0  0]
 [ 0 67  3  0  0]
 [ 0  4 65  5  0]
 [ 0  0  6 22  0]
 [ 0  0  0  3 20]]
Confusion probability:
[[ 0.89090909  0.10909091  0.          0.          0.        ]
 [ 0.          0.95714286  0.04285714  0.          0.        ]
 [ 0.          0.05405405  0.87837838  0.06756757  0.        ]
 [ 0.          0.          0.21428571  0.78571429  0.        ]
 [ 0.          0.          0.          0.13043478  0.86956522]]
Sum of diagonal elements:
4.38170982954
Run with C: 1000000.0, Gamma: 1e-07
sum confProbRuns:
[[51  4  0  0  0]
 [ 0 68  2  0  0]
 [ 2  2 65  5  0]
 [ 0  0  6 21  1]
 [ 0  0  0  2 21]]
Confusion probability:
[[ 0.92727273  0.07272727  0.          0.          0.        ]
 [ 0.          0.97142857  0.02857143  0.          0.        ]
 [ 0.02702703  0.02702703  0.87837838  0.06756757  0.        ]
 [ 0.          0.          0.21428571  0.75        0.03571429]
 [ 0.          0.          0.          0.08695652  0.91304348]]
Sum of diagonal elements:
4.44012315534
Run with C: 1000000.0, Gamma: 1e-06
sum confProbRuns:
[[52  3  0  0  0]
 [ 0 69  1  0  0]
 [ 1  1 67  5  0]
 [ 0  0  5 22  1]
 [ 0  0  0  1 22]]
Confusion probability:
[[ 0.94545455  0.05454545  0.          0.          0.        ]
 [ 0.          0.98571429  0.01428571  0.          0.        ]
 [ 0.01351351  0.01351351  0.90540541  0.06756757  0.        ]
 [ 0.          0.          0.17857143  0.78571429  0.03571429]
 [ 0.          0.          0.          0.04347826  0.95652174]]
Sum of diagonal elements:
4.57881026142
Run with C: 1000000.0, Gamma: 1e-05
sum confProbRuns:
[[52  1  2  0  0]
 [ 0 69  1  0  0]
 [ 1  2 67  4  0]
 [ 0  0  6 20  2]
 [ 0  0  0  3 20]]
Confusion probability:
[[ 0.94545455  0.01818182  0.03636364  0.          0.        ]
 [ 0.          0.98571429  0.01428571  0.          0.        ]
 [ 0.01351351  0.02702703  0.90540541  0.05405405  0.        ]
 [ 0.          0.          0.21428571  0.71428571  0.07142857]
 [ 0.          0.          0.          0.13043478  0.86956522]]
Sum of diagonal elements:
4.42042516825
Run with C: 1000000.0, Gamma: 0.0001
sum confProbRuns:
[[52  0  3  0  0]
 [ 2 66  2  0  0]
 [ 1  3 63  7  0]
 [ 0  0  7 19  2]
 [ 0  0  0  4 19]]
Confusion probability:
[[ 0.94545455  0.          0.05454545  0.          0.        ]
 [ 0.02857143  0.94285714  0.02857143  0.          0.        ]
 [ 0.01351351  0.04054054  0.85135135  0.09459459  0.        ]
 [ 0.          0.          0.25        0.67857143  0.07142857]
 [ 0.          0.          0.          0.17391304  0.82608696]]
Sum of diagonal elements:
4.24432142476
Run with C: 1000000.0, Gamma: 0.001
sum confProbRuns:
[[51  2  2  0  0]
 [ 2 63  5  0  0]
 [ 2  5 62  5  0]
 [ 0  2  7 18  1]
 [ 0  0  0  3 20]]
Confusion probability:
[[ 0.92727273  0.03636364  0.03636364  0.          0.        ]
 [ 0.02857143  0.9         0.07142857  0.          0.        ]
 [ 0.02702703  0.06756757  0.83783784  0.06756757  0.        ]
 [ 0.          0.07142857  0.25        0.64285714  0.03571429]
 [ 0.          0.          0.          0.13043478  0.86956522]]
Sum of diagonal elements:
4.17753292536
Run with C: 1000000.0, Gamma: 0.01
sum confProbRuns:
[[45  9  1  0  0]
 [ 2 63  5  0  0]
 [ 3 10 56  5  0]
 [ 0 10  4 14  0]
 [ 0  4  0  2 17]]
Confusion probability:
[[ 0.81818182  0.16363636  0.01818182  0.          0.        ]
 [ 0.02857143  0.9         0.07142857  0.          0.        ]
 [ 0.04054054  0.13513514  0.75675676  0.06756757  0.        ]
 [ 0.          0.35714286  0.14285714  0.5         0.        ]
 [ 0.          0.17391304  0.          0.08695652  0.73913043]]
Sum of diagonal elements:
3.71406900972
Run with C: 1000000.0, Gamma: 0.1
sum confProbRuns:
[[18 24 13  0  0]
 [ 0 54 16  0  0]
 [ 1 23 46  4  0]
 [ 0  8 13  7  0]
 [ 0 17  3  0  3]]
Confusion probability:
[[ 0.32727273  0.43636364  0.23636364  0.          0.        ]
 [ 0.          0.77142857  0.22857143  0.          0.        ]
 [ 0.01351351  0.31081081  0.62162162  0.05405405  0.        ]
 [ 0.          0.28571429  0.46428571  0.25        0.        ]
 [ 0.          0.73913043  0.13043478  0.          0.13043478]]
Sum of diagonal elements:
2.10075770293
Run with C: 1000000.0, Gamma: 1.0
sum confProbRuns:
[[ 0 17 38  0  0]
 [ 0 16 54  0  0]
 [ 0 27 47  0  0]
 [ 0  7 21  0  0]
 [ 0  6 17  0  0]]
Confusion probability:
[[ 0.          0.30909091  0.69090909  0.          0.        ]
 [ 0.          0.22857143  0.77142857  0.          0.        ]
 [ 0.          0.36486486  0.63513514  0.          0.        ]
 [ 0.          0.25        0.75        0.          0.        ]
 [ 0.          0.26086957  0.73913043  0.          0.        ]]
Sum of diagonal elements:
0.863706563707
Run with C: 1000000.0, Gamma: 10.0
sum confProbRuns:
[[ 0 17 38  0  0]
 [ 0 15 55  0  0]
 [ 0 30 44  0  0]
 [ 0  7 21  0  0]
 [ 0  6 17  0  0]]
Confusion probability:
[[ 0.          0.30909091  0.69090909  0.          0.        ]
 [ 0.          0.21428571  0.78571429  0.          0.        ]
 [ 0.          0.40540541  0.59459459  0.          0.        ]
 [ 0.          0.25        0.75        0.          0.        ]
 [ 0.          0.26086957  0.73913043  0.          0.        ]]
Sum of diagonal elements:
0.80888030888
Run with C: 1000000.0, Gamma: 100.0
sum confProbRuns:
[[ 0 13 42  0  0]
 [ 0  9 61  0  0]
 [ 0 19 55  0  0]
 [ 0  5 23  0  0]
 [ 0  5 18  0  0]]
Confusion probability:
[[ 0.          0.23636364  0.76363636  0.          0.        ]
 [ 0.          0.12857143  0.87142857  0.          0.        ]
 [ 0.          0.25675676  0.74324324  0.          0.        ]
 [ 0.          0.17857143  0.82142857  0.          0.        ]
 [ 0.          0.2173913   0.7826087   0.          0.        ]]
Sum of diagonal elements:
0.871814671815
Run with C: 10000000.0, Gamma: 1e-09
sum confProbRuns:
[[51  4  0  0  0]
 [ 2 60  8  0  0]
 [ 2  1 67  4  0]
 [ 0  0  7 21  0]
 [ 0  0  0  4 19]]
Confusion probability:
[[ 0.92727273  0.07272727  0.          0.          0.        ]
 [ 0.02857143  0.85714286  0.11428571  0.          0.        ]
 [ 0.02702703  0.01351351  0.90540541  0.05405405  0.        ]
 [ 0.          0.          0.25        0.75        0.        ]
 [ 0.          0.          0.          0.17391304  0.82608696]]
Sum of diagonal elements:
4.26590794634
Run with C: 10000000.0, Gamma: 1e-08
sum confProbRuns:
[[50  5  0  0  0]
 [ 2 65  3  0  0]
 [ 2  2 65  5  0]
 [ 0  0  5 23  0]
 [ 0  0  0  3 20]]
Confusion probability:
[[ 0.90909091  0.09090909  0.          0.          0.        ]
 [ 0.02857143  0.92857143  0.04285714  0.          0.        ]
 [ 0.02702703  0.02702703  0.87837838  0.06756757  0.        ]
 [ 0.          0.          0.17857143  0.82142857  0.        ]
 [ 0.          0.          0.          0.13043478  0.86956522]]
Sum of diagonal elements:
4.40703450486
Run with C: 10000000.0, Gamma: 1e-07
sum confProbRuns:
[[51  4  0  0  0]
 [ 2 67  1  0  0]
 [ 3  1 68  2  0]
 [ 0  0  5 22  1]
 [ 0  0  0  2 21]]
Confusion probability:
[[ 0.92727273  0.07272727  0.          0.          0.        ]
 [ 0.02857143  0.95714286  0.01428571  0.          0.        ]
 [ 0.04054054  0.01351351  0.91891892  0.02702703  0.        ]
 [ 0.          0.          0.17857143  0.78571429  0.03571429]
 [ 0.          0.          0.          0.08695652  0.91304348]]
Sum of diagonal elements:
4.50209226731
Run with C: 10000000.0, Gamma: 1e-06
sum confProbRuns:
[[53  1  1  0  0]
 [ 1 69  0  0  0]
 [ 2  1 66  5  0]
 [ 0  0  6 20  2]
 [ 0  0  0  4 19]]
Confusion probability:
[[ 0.96363636  0.01818182  0.01818182  0.          0.        ]
 [ 0.01428571  0.98571429  0.          0.          0.        ]
 [ 0.02702703  0.01351351  0.89189189  0.06756757  0.        ]
 [ 0.          0.          0.21428571  0.71428571  0.07142857]
 [ 0.          0.          0.          0.17391304  0.82608696]]
Sum of diagonal elements:
4.38161521205
Run with C: 10000000.0, Gamma: 1e-05
sum confProbRuns:
[[52  1  2  0  0]
 [ 0 70  0  0  0]
 [ 1  3 67  3  0]
 [ 0  0  6 18  4]
 [ 0  0  0  3 20]]
Confusion probability:
[[ 0.94545455  0.01818182  0.03636364  0.          0.        ]
 [ 0.          1.          0.          0.          0.        ]
 [ 0.01351351  0.04054054  0.90540541  0.04054054  0.        ]
 [ 0.          0.          0.21428571  0.64285714  0.14285714]
 [ 0.          0.          0.          0.13043478  0.86956522]]
Sum of diagonal elements:
4.36328231111
Run with C: 10000000.0, Gamma: 0.0001
sum confProbRuns:
[[52  0  3  0  0]
 [ 2 66  2  0  0]
 [ 1  3 63  7  0]
 [ 0  0  7 19  2]
 [ 0  0  0  4 19]]
Confusion probability:
[[ 0.94545455  0.          0.05454545  0.          0.        ]
 [ 0.02857143  0.94285714  0.02857143  0.          0.        ]
 [ 0.01351351  0.04054054  0.85135135  0.09459459  0.        ]
 [ 0.          0.          0.25        0.67857143  0.07142857]
 [ 0.          0.          0.          0.17391304  0.82608696]]
Sum of diagonal elements:
4.24432142476
Run with C: 10000000.0, Gamma: 0.001
sum confProbRuns:
[[51  2  2  0  0]
 [ 2 63  5  0  0]
 [ 2  5 62  5  0]
 [ 0  2  7 18  1]
 [ 0  0  0  3 20]]
Confusion probability:
[[ 0.92727273  0.03636364  0.03636364  0.          0.        ]
 [ 0.02857143  0.9         0.07142857  0.          0.        ]
 [ 0.02702703  0.06756757  0.83783784  0.06756757  0.        ]
 [ 0.          0.07142857  0.25        0.64285714  0.03571429]
 [ 0.          0.          0.          0.13043478  0.86956522]]
Sum of diagonal elements:
4.17753292536
Run with C: 10000000.0, Gamma: 0.01
sum confProbRuns:
[[45  9  1  0  0]
 [ 2 63  5  0  0]
 [ 3 10 56  5  0]
 [ 0 10  4 14  0]
 [ 0  4  0  2 17]]
Confusion probability:
[[ 0.81818182  0.16363636  0.01818182  0.          0.        ]
 [ 0.02857143  0.9         0.07142857  0.          0.        ]
 [ 0.04054054  0.13513514  0.75675676  0.06756757  0.        ]
 [ 0.          0.35714286  0.14285714  0.5         0.        ]
 [ 0.          0.17391304  0.          0.08695652  0.73913043]]
Sum of diagonal elements:
3.71406900972
Run with C: 10000000.0, Gamma: 0.1
sum confProbRuns:
[[18 24 13  0  0]
 [ 0 54 16  0  0]
 [ 1 23 46  4  0]
 [ 0  8 13  7  0]
 [ 0 17  3  0  3]]
Confusion probability:
[[ 0.32727273  0.43636364  0.23636364  0.          0.        ]
 [ 0.          0.77142857  0.22857143  0.          0.        ]
 [ 0.01351351  0.31081081  0.62162162  0.05405405  0.        ]
 [ 0.          0.28571429  0.46428571  0.25        0.        ]
 [ 0.          0.73913043  0.13043478  0.          0.13043478]]
Sum of diagonal elements:
2.10075770293
Run with C: 10000000.0, Gamma: 1.0
sum confProbRuns:
[[ 0 17 38  0  0]
 [ 0 16 54  0  0]
 [ 0 27 47  0  0]
 [ 0  7 21  0  0]
 [ 0  6 17  0  0]]
Confusion probability:
[[ 0.          0.30909091  0.69090909  0.          0.        ]
 [ 0.          0.22857143  0.77142857  0.          0.        ]
 [ 0.          0.36486486  0.63513514  0.          0.        ]
 [ 0.          0.25        0.75        0.          0.        ]
 [ 0.          0.26086957  0.73913043  0.          0.        ]]
Sum of diagonal elements:
0.863706563707
Run with C: 10000000.0, Gamma: 10.0
sum confProbRuns:
[[ 0 17 38  0  0]
 [ 0 15 55  0  0]
 [ 0 30 44  0  0]
 [ 0  7 21  0  0]
 [ 0  6 17  0  0]]
Confusion probability:
[[ 0.          0.30909091  0.69090909  0.          0.        ]
 [ 0.          0.21428571  0.78571429  0.          0.        ]
 [ 0.          0.40540541  0.59459459  0.          0.        ]
 [ 0.          0.25        0.75        0.          0.        ]
 [ 0.          0.26086957  0.73913043  0.          0.        ]]
Sum of diagonal elements:
0.80888030888
Run with C: 10000000.0, Gamma: 100.0
sum confProbRuns:
[[ 0 13 42  0  0]
 [ 0  9 61  0  0]
 [ 0 19 55  0  0]
 [ 0  5 23  0  0]
 [ 0  5 18  0  0]]
Confusion probability:
[[ 0.          0.23636364  0.76363636  0.          0.        ]
 [ 0.          0.12857143  0.87142857  0.          0.        ]
 [ 0.          0.25675676  0.74324324  0.          0.        ]
 [ 0.          0.17857143  0.82142857  0.          0.        ]
 [ 0.          0.2173913   0.7826087   0.          0.        ]]
Sum of diagonal elements:
0.871814671815
Run with C: 100000000.0, Gamma: 1e-09
sum confProbRuns:
[[51  4  0  0  0]
 [ 2 60  8  0  0]
 [ 3  0 66  5  0]
 [ 0  0  7 19  2]
 [ 0  0  0  4 19]]
Confusion probability:
[[ 0.92727273  0.07272727  0.          0.          0.        ]
 [ 0.02857143  0.85714286  0.11428571  0.          0.        ]
 [ 0.04054054  0.          0.89189189  0.06756757  0.        ]
 [ 0.          0.          0.25        0.67857143  0.07142857]
 [ 0.          0.          0.          0.17391304  0.82608696]]
Sum of diagonal elements:
4.1809658614
Run with C: 100000000.0, Gamma: 1e-08
sum confProbRuns:
[[48  7  0  0  0]
 [ 8 57  5  0  0]
 [ 2  2 66  4  0]
 [ 0  0  5 23  0]
 [ 0  0  0  2 21]]
Confusion probability:
[[ 0.87272727  0.12727273  0.          0.          0.        ]
 [ 0.11428571  0.81428571  0.07142857  0.          0.        ]
 [ 0.02702703  0.02702703  0.89189189  0.05405405  0.        ]
 [ 0.          0.          0.17857143  0.82142857  0.        ]
 [ 0.          0.          0.          0.08695652  0.91304348]]
Sum of diagonal elements:
4.31337692859
Run with C: 100000000.0, Gamma: 1e-07
sum confProbRuns:
[[50  4  1  0  0]
 [ 1 65  4  0  0]
 [ 2  2 68  2  0]
 [ 0  0  7 19  2]
 [ 0  0  0  1 22]]
Confusion probability:
[[ 0.90909091  0.07272727  0.01818182  0.          0.        ]
 [ 0.01428571  0.92857143  0.05714286  0.          0.        ]
 [ 0.02702703  0.02702703  0.91891892  0.02702703  0.        ]
 [ 0.          0.          0.25        0.67857143  0.07142857]
 [ 0.          0.          0.          0.04347826  0.95652174]]
Sum of diagonal elements:
4.39167442428
Run with C: 100000000.0, Gamma: 1e-06
sum confProbRuns:
[[52  1  2  0  0]
 [ 1 69  0  0  0]
 [ 2  2 65  5  0]
 [ 0  0  6 21  1]
 [ 0  0  0  5 18]]
Confusion probability:
[[ 0.94545455  0.01818182  0.03636364  0.          0.        ]
 [ 0.01428571  0.98571429  0.          0.          0.        ]
 [ 0.02702703  0.02702703  0.87837838  0.06756757  0.        ]
 [ 0.          0.          0.21428571  0.75        0.03571429]
 [ 0.          0.          0.          0.2173913   0.7826087 ]]
Sum of diagonal elements:
4.3421559052
Run with C: 100000000.0, Gamma: 1e-05
sum confProbRuns:
[[52  1  2  0  0]
 [ 0 70  0  0  0]
 [ 1  4 65  4  0]
 [ 0  0  6 18  4]
 [ 0  0  0  3 20]]
Confusion probability:
[[ 0.94545455  0.01818182  0.03636364  0.          0.        ]
 [ 0.          1.          0.          0.          0.        ]
 [ 0.01351351  0.05405405  0.87837838  0.05405405  0.        ]
 [ 0.          0.          0.21428571  0.64285714  0.14285714]
 [ 0.          0.          0.          0.13043478  0.86956522]]
Sum of diagonal elements:
4.33625528408
Run with C: 100000000.0, Gamma: 0.0001
sum confProbRuns:
[[52  0  3  0  0]
 [ 2 66  2  0  0]
 [ 1  3 63  7  0]
 [ 0  0  7 19  2]
 [ 0  0  0  4 19]]
Confusion probability:
[[ 0.94545455  0.          0.05454545  0.          0.        ]
 [ 0.02857143  0.94285714  0.02857143  0.          0.        ]
 [ 0.01351351  0.04054054  0.85135135  0.09459459  0.        ]
 [ 0.          0.          0.25        0.67857143  0.07142857]
 [ 0.          0.          0.          0.17391304  0.82608696]]
Sum of diagonal elements:
4.24432142476
Run with C: 100000000.0, Gamma: 0.001
sum confProbRuns:
[[51  2  2  0  0]
 [ 2 63  5  0  0]
 [ 2  5 62  5  0]
 [ 0  2  7 18  1]
 [ 0  0  0  3 20]]
Confusion probability:
[[ 0.92727273  0.03636364  0.03636364  0.          0.        ]
 [ 0.02857143  0.9         0.07142857  0.          0.        ]
 [ 0.02702703  0.06756757  0.83783784  0.06756757  0.        ]
 [ 0.          0.07142857  0.25        0.64285714  0.03571429]
 [ 0.          0.          0.          0.13043478  0.86956522]]
Sum of diagonal elements:
4.17753292536
Run with C: 100000000.0, Gamma: 0.01
sum confProbRuns:
[[45  9  1  0  0]
 [ 2 63  5  0  0]
 [ 3 10 56  5  0]
 [ 0 10  4 14  0]
 [ 0  4  0  2 17]]
Confusion probability:
[[ 0.81818182  0.16363636  0.01818182  0.          0.        ]
 [ 0.02857143  0.9         0.07142857  0.          0.        ]
 [ 0.04054054  0.13513514  0.75675676  0.06756757  0.        ]
 [ 0.          0.35714286  0.14285714  0.5         0.        ]
 [ 0.          0.17391304  0.          0.08695652  0.73913043]]
Sum of diagonal elements:
3.71406900972
Run with C: 100000000.0, Gamma: 0.1
sum confProbRuns:
[[18 24 13  0  0]
 [ 0 54 16  0  0]
 [ 1 23 46  4  0]
 [ 0  8 13  7  0]
 [ 0 17  3  0  3]]
Confusion probability:
[[ 0.32727273  0.43636364  0.23636364  0.          0.        ]
 [ 0.          0.77142857  0.22857143  0.          0.        ]
 [ 0.01351351  0.31081081  0.62162162  0.05405405  0.        ]
 [ 0.          0.28571429  0.46428571  0.25        0.        ]
 [ 0.          0.73913043  0.13043478  0.          0.13043478]]
Sum of diagonal elements:
2.10075770293
Run with C: 100000000.0, Gamma: 1.0
sum confProbRuns:
[[ 0 17 38  0  0]
 [ 0 16 54  0  0]
 [ 0 27 47  0  0]
 [ 0  7 21  0  0]
 [ 0  6 17  0  0]]
Confusion probability:
[[ 0.          0.30909091  0.69090909  0.          0.        ]
 [ 0.          0.22857143  0.77142857  0.          0.        ]
 [ 0.          0.36486486  0.63513514  0.          0.        ]
 [ 0.          0.25        0.75        0.          0.        ]
 [ 0.          0.26086957  0.73913043  0.          0.        ]]
Sum of diagonal elements:
0.863706563707
Run with C: 100000000.0, Gamma: 10.0
sum confProbRuns:
[[ 0 17 38  0  0]
 [ 0 15 55  0  0]
 [ 0 30 44  0  0]
 [ 0  7 21  0  0]
 [ 0  6 17  0  0]]
Confusion probability:
[[ 0.          0.30909091  0.69090909  0.          0.        ]
 [ 0.          0.21428571  0.78571429  0.          0.        ]
 [ 0.          0.40540541  0.59459459  0.          0.        ]
 [ 0.          0.25        0.75        0.          0.        ]
 [ 0.          0.26086957  0.73913043  0.          0.        ]]
Sum of diagonal elements:
0.80888030888
Run with C: 100000000.0, Gamma: 100.0
sum confProbRuns:
[[ 0 13 42  0  0]
 [ 0  9 61  0  0]
 [ 0 19 55  0  0]
 [ 0  5 23  0  0]
 [ 0  5 18  0  0]]
Confusion probability:
[[ 0.          0.23636364  0.76363636  0.          0.        ]
 [ 0.          0.12857143  0.87142857  0.          0.        ]
 [ 0.          0.25675676  0.74324324  0.          0.        ]
 [ 0.          0.17857143  0.82142857  0.          0.        ]
 [ 0.          0.2173913   0.7826087   0.          0.        ]]
Sum of diagonal elements:
0.871814671815
Run with C: 1000000000.0, Gamma: 1e-09
sum confProbRuns:
[[51  4  0  0  0]
 [ 3 64  3  0  0]
 [ 3  0 66  5  0]
 [ 0  0  6 20  2]
 [ 0  0  0  4 19]]
Confusion probability:
[[ 0.92727273  0.07272727  0.          0.          0.        ]
 [ 0.04285714  0.91428571  0.04285714  0.          0.        ]
 [ 0.04054054  0.          0.89189189  0.06756757  0.        ]
 [ 0.          0.          0.21428571  0.71428571  0.07142857]
 [ 0.          0.          0.          0.17391304  0.82608696]]
Sum of diagonal elements:
4.27382300426
Run with C: 1000000000.0, Gamma: 1e-08
sum confProbRuns:
[[48  7  0  0  0]
 [ 9 56  5  0  0]
 [ 2  3 65  4  0]
 [ 0  0  6 20  2]
 [ 0  0  0  1 22]]
Confusion probability:
[[ 0.87272727  0.12727273  0.          0.          0.        ]
 [ 0.12857143  0.8         0.07142857  0.          0.        ]
 [ 0.02702703  0.04054054  0.87837838  0.05405405  0.        ]
 [ 0.          0.          0.21428571  0.71428571  0.07142857]
 [ 0.          0.          0.          0.04347826  0.95652174]]
Sum of diagonal elements:
4.22191310452
Run with C: 1000000000.0, Gamma: 1e-07
sum confProbRuns:
[[52  2  1  0  0]
 [ 3 64  3  0  0]
 [ 2  2 67  3  0]
 [ 0  0  6 19  3]
 [ 0  0  0  2 21]]
Confusion probability:
[[ 0.94545455  0.03636364  0.01818182  0.          0.        ]
 [ 0.04285714  0.91428571  0.04285714  0.          0.        ]
 [ 0.02702703  0.02702703  0.90540541  0.04054054  0.        ]
 [ 0.          0.          0.21428571  0.67857143  0.10714286]
 [ 0.          0.          0.          0.08695652  0.91304348]]
Sum of diagonal elements:
4.35676057198
Run with C: 1000000000.0, Gamma: 1e-06
sum confProbRuns:
[[52  1  2  0  0]
 [ 1 69  0  0  0]
 [ 2  2 64  6  0]
 [ 0  0  6 21  1]
 [ 0  0  0  6 17]]
Confusion probability:
[[ 0.94545455  0.01818182  0.03636364  0.          0.        ]
 [ 0.01428571  0.98571429  0.          0.          0.        ]
 [ 0.02702703  0.02702703  0.86486486  0.08108108  0.        ]
 [ 0.          0.          0.21428571  0.75        0.03571429]
 [ 0.          0.          0.          0.26086957  0.73913043]]
Sum of diagonal elements:
4.28516413082
Run with C: 1000000000.0, Gamma: 1e-05
sum confProbRuns:
[[52  1  2  0  0]
 [ 0 70  0  0  0]
 [ 1  3 66  4  0]
 [ 0  0  7 17  4]
 [ 0  0  0  3 20]]
Confusion probability:
[[ 0.94545455  0.01818182  0.03636364  0.          0.        ]
 [ 0.          1.          0.          0.          0.        ]
 [ 0.01351351  0.04054054  0.89189189  0.05405405  0.        ]
 [ 0.          0.          0.25        0.60714286  0.14285714]
 [ 0.          0.          0.          0.13043478  0.86956522]]
Sum of diagonal elements:
4.31405451188
Run with C: 1000000000.0, Gamma: 0.0001
sum confProbRuns:
[[52  0  3  0  0]
 [ 2 66  2  0  0]
 [ 1  3 63  7  0]
 [ 0  0  7 19  2]
 [ 0  0  0  4 19]]
Confusion probability:
[[ 0.94545455  0.          0.05454545  0.          0.        ]
 [ 0.02857143  0.94285714  0.02857143  0.          0.        ]
 [ 0.01351351  0.04054054  0.85135135  0.09459459  0.        ]
 [ 0.          0.          0.25        0.67857143  0.07142857]
 [ 0.          0.          0.          0.17391304  0.82608696]]
Sum of diagonal elements:
4.24432142476
Run with C: 1000000000.0, Gamma: 0.001
sum confProbRuns:
[[51  2  2  0  0]
 [ 2 63  5  0  0]
 [ 2  5 62  5  0]
 [ 0  2  7 18  1]
 [ 0  0  0  3 20]]
Confusion probability:
[[ 0.92727273  0.03636364  0.03636364  0.          0.        ]
 [ 0.02857143  0.9         0.07142857  0.          0.        ]
 [ 0.02702703  0.06756757  0.83783784  0.06756757  0.        ]
 [ 0.          0.07142857  0.25        0.64285714  0.03571429]
 [ 0.          0.          0.          0.13043478  0.86956522]]
Sum of diagonal elements:
4.17753292536
Run with C: 1000000000.0, Gamma: 0.01
sum confProbRuns:
[[45  9  1  0  0]
 [ 2 63  5  0  0]
 [ 3 10 56  5  0]
 [ 0 10  4 14  0]
 [ 0  4  0  2 17]]
Confusion probability:
[[ 0.81818182  0.16363636  0.01818182  0.          0.        ]
 [ 0.02857143  0.9         0.07142857  0.          0.        ]
 [ 0.04054054  0.13513514  0.75675676  0.06756757  0.        ]
 [ 0.          0.35714286  0.14285714  0.5         0.        ]
 [ 0.          0.17391304  0.          0.08695652  0.73913043]]
Sum of diagonal elements:
3.71406900972
Run with C: 1000000000.0, Gamma: 0.1
sum confProbRuns:
[[18 24 13  0  0]
 [ 0 54 16  0  0]
 [ 1 23 46  4  0]
 [ 0  8 13  7  0]
 [ 0 17  3  0  3]]
Confusion probability:
[[ 0.32727273  0.43636364  0.23636364  0.          0.        ]
 [ 0.          0.77142857  0.22857143  0.          0.        ]
 [ 0.01351351  0.31081081  0.62162162  0.05405405  0.        ]
 [ 0.          0.28571429  0.46428571  0.25        0.        ]
 [ 0.          0.73913043  0.13043478  0.          0.13043478]]
Sum of diagonal elements:
2.10075770293
Run with C: 1000000000.0, Gamma: 1.0
sum confProbRuns:
[[ 0 17 38  0  0]
 [ 0 16 54  0  0]
 [ 0 27 47  0  0]
 [ 0  7 21  0  0]
 [ 0  6 17  0  0]]
Confusion probability:
[[ 0.          0.30909091  0.69090909  0.          0.        ]
 [ 0.          0.22857143  0.77142857  0.          0.        ]
 [ 0.          0.36486486  0.63513514  0.          0.        ]
 [ 0.          0.25        0.75        0.          0.        ]
 [ 0.          0.26086957  0.73913043  0.          0.        ]]
Sum of diagonal elements:
0.863706563707
Run with C: 1000000000.0, Gamma: 10.0
sum confProbRuns:
[[ 0 17 38  0  0]
 [ 0 15 55  0  0]
 [ 0 30 44  0  0]
 [ 0  7 21  0  0]
 [ 0  6 17  0  0]]
Confusion probability:
[[ 0.          0.30909091  0.69090909  0.          0.        ]
 [ 0.          0.21428571  0.78571429  0.          0.        ]
 [ 0.          0.40540541  0.59459459  0.          0.        ]
 [ 0.          0.25        0.75        0.          0.        ]
 [ 0.          0.26086957  0.73913043  0.          0.        ]]
Sum of diagonal elements:
0.80888030888
Run with C: 1000000000.0, Gamma: 100.0
sum confProbRuns:
[[ 0 13 42  0  0]
 [ 0  9 61  0  0]
 [ 0 19 55  0  0]
 [ 0  5 23  0  0]
 [ 0  5 18  0  0]]
Confusion probability:
[[ 0.          0.23636364  0.76363636  0.          0.        ]
 [ 0.          0.12857143  0.87142857  0.          0.        ]
 [ 0.          0.25675676  0.74324324  0.          0.        ]
 [ 0.          0.17857143  0.82142857  0.          0.        ]
 [ 0.          0.2173913   0.7826087   0.          0.        ]]
Sum of diagonal elements:
0.871814671815
